name: graphcast
channels:
  - conda-forge
  - defaults
dependencies:
  - attrs=23.2.0=pyh71513ae_0
  - blosc=1.21.5=hdccc3a2_0
  - bzip2=1.0.8=h2bbff1b_6
  - ca-certificates=2024.6.2=h56e8100_0
  - cffi=1.16.0=py312he70551f_0
  - cfgrib=0.9.12.0=pyhd8ed1ab_0
  - click=8.1.7=win_pyh7428d3b_0
  - colorama=0.4.6=pyhd8ed1ab_0
  - eccodes=2.35.0=h97caf96_0
  - expat=2.6.2=hd77b12b_0
  - findlibs=0.0.5=pyhd8ed1ab_0
  - freeglut=3.2.2=h63175ca_2
  - hdf4=4.2.15=h5557f11_7
  - hdf5=1.14.3=nompi_h2b43c12_105
  - intel-openmp=2024.1.0=h57928b3_966
  - jasper=4.2.4=hcb1a123_0
  - krb5=1.21.2=heb0366b_0
  - libaec=1.1.3=h63175ca_0
  - libblas=3.9.0=22_win64_mkl
  - libcblas=3.9.0=22_win64_mkl
  - libcurl=8.8.0=hd5e4a3a_0
  - libexpat=2.6.2=h63175ca_0
  - libffi=3.4.4=hd77b12b_1
  - libhwloc=2.10.0=default_h8125262_1001
  - libiconv=1.17=hcfcfb64_2
  - libjpeg-turbo=3.0.0=hcfcfb64_1
  - liblapack=3.9.0=22_win64_mkl
  - libnetcdf=4.9.2=nompi_h92078aa_114
  - libpng=1.6.43=h19919ed_0
  - libsqlite=3.46.0=h2466b09_0
  - libssh2=1.11.0=h7dfc565_0
  - libxml2=2.12.7=h283a6d9_1
  - libzip=1.10.1=h1d365fa_3
  - libzlib=1.3.1=h2466b09_1
  - lz4-c=1.9.4=hcfcfb64_0
  - mkl=2024.1.0=h66d3029_692
  - numpy=2.0.0=py312h49bc9c5_0
  - openssl=3.3.1=h2466b09_0
  - packaging=24.1=pyhd8ed1ab_0
  - pandas=2.2.2=py312h72972c8_1
  - pip=24.0=py312haa95532_0
  - pthreads-win32=2.9.1=hfa6e2cd_3
  - pycparser=2.22=pyhd8ed1ab_0
  - python=3.12.4=h889d299_0_cpython
  - python-eccodes=1.7.0=py312h1a27103_2
  - python-tzdata=2024.1=pyhd8ed1ab_0
  - python_abi=3.12=4_cp312
  - pytz=2024.1=pyhd8ed1ab_0
  - setuptools=69.5.1=py312haa95532_0
  - six=1.16.0=pyh6c4a22f_0
  - snappy=1.1.10=hfb803bf_1
  - sqlite=3.45.3=h2bbff1b_0
  - tbb=2021.12.0=hc790b64_1
  - tk=8.6.13=h5226925_1
  - tzdata=2024a=h04d1e81_0
  - ucrt=10.0.22621.0=h57928b3_0
  - vc=14.2=h2eaa2aa_1
  - vc14_runtime=14.40.33810=ha82c5b3_20
  - vs2015_runtime=14.40.33810=h3bf8584_20
  - wheel=0.43.0=py312haa95532_0
  - xarray=2024.6.0=pyhd8ed1ab_1
  - xz=5.4.6=h8cc25b3_1
  - zlib=1.3.1=h2466b09_1
  - zstd=1.5.6=h0ea2cb4_0
  - pip:
      - asciitree==0.3.3
      - cads-api-client==1.0.3
      - cdsapi==0.7.0
      - certifi==2024.6.2
      - cftime==1.6.4
      - charset-normalizer==3.3.2
      - fasteners==0.19
      - idna==3.7
      - jax==0.4.30
      - jaxlib==0.4.30
      - ml-dtypes==0.4.0
      - multiurl==0.3.1
      - netcdf4==1.7.1
      - numcodecs==0.12.1
      - opt-einsum==3.3.0
      - pysolar==0.11
      - python-dateutil==2.9.0.post0
      - requests==2.32.3
      - scipy==1.13.1
      - tqdm==4.66.4
      - typing-extensions==4.12.2
      - urllib3==2.2.2
      - xmltodict==0.13.0
      - zarr==2.18.2
prefix: c:\_GIT\graphcast\miniconda3\envs\graphcast
